spawns:
  default:
    world: 0417e8b2-260a-47cc-954a-58f0e6ea9f1f
    world-name: spawn
    x: 8.5
    y: 103.0
    z: 7.500000000000001
    yaw: 8.187308311462402
    pitch: 4.049954414367676
